3.5346
4.2651
4.4093
4.7653
4.0036
4.4381
4.4692
4.8638
3.2755
3.6214
3.8138
4.4631
3.4736
3.3206
3.1525
4.4944
4.5683
4.4882
2.9412
2.6470
3.8237
4.4132
3.2859
3.0306
3.5308
2.9169
2.9695
2.4602
3.0108
2.0564
3.3980
3.3430
3.1149
2.5965
2.8985
1.9125
1.8350
2.1771
1.5974
1.9484
2.6534
2.2856
1.3055
1.0458
2.5548
1.4365
2.5511
2.1665
1.0056
0.6131
1.9791
2.0397
0.2814
0.5697
0.4269
1.2255
0.9563
0.9248
1.2750
-0.3831
0.6987
0.4552
0.8139
-0.2637
-0.9524
-0.2166
-0.2008
-0.8882
0.2701
-0.2116
-0.4642
-0.5179
-1.2804
-0.4222
-0.6457
-1.8104
-1.9780
-0.9931
-2.4473
-1.6771
-0.9875
-0.9774
-2.0499
-1.0160
-2.6191
-1.7303
-1.7979
-1.5646
-2.6062
-2.2195
-3.5398
-3.3947
-3.1462
-1.9998
-2.8267
-3.1611
-3.1757
-3.8809
-2.7946
-3.5478
-2.6270
-3.6907
-2.3906
-4.1305
-4.2323
-3.0526
-3.8522
-4.0197
-3.7565
-3.9075
-3.2054
-4.1567
-4.2001
-4.4741
-4.2962
-3.8462
-3.1385
-2.9366
-4.1657
-4.4109
-3.7349
-4.1960
-4.2120
-3.2050
-4.4414
-3.2026
-4.4552
-3.6283
-3.0212
-3.1158
-2.9725
-3.3793
-4.4721
-2.9652
-3.0481
-4.1835
-3.4425
-4.2703
-3.5184
-4.4667
-3.3953
-3.8985
-3.7526
-2.6843
-3.4236
-3.0643
-3.5155
-3.5167
-2.9276
-2.5801
-2.8038
-3.5211
-3.6173
-3.8421
-3.5402
-2.8608
-3.8424
-2.7863
-3.2809
-1.6538
-2.6986
-3.0562
-1.8450
-1.9918
-2.8593
-1.7479
-3.0497
-1.1958
-0.9371
-1.5142
-2.6410
-1.3434
-2.4586
-1.4745
-1.1510
-1.0454
-1.7493
-1.9241
-1.8693
-0.0334
0.0850
-0.1403
-1.0830
-1.1216
0.3677
-0.3382
0.2354
0.6739
0.9528
0.9586
0.9466
0.1038
-0.3268
0.7920
-0.2798
0.3408
0.4829
0.0250
0.4085
0.7195
1.5956
0.7597
2.2745
1.9404
1.9924
1.7310
1.4043
2.6557
2.1193
1.7465
2.7296
2.2091
1.5080
1.4448
2.7841
3.4678
2.5938
2.3989
3.4156
2.7149
2.4200
3.3190
3.6722
2.8410
2.7508
3.9294
3.6139
3.5611
4.1775
4.1418
4.2968
3.6844
2.7109
4.2796
3.2328
4.2145
3.4208
3.9523
4.0865
4.6636
4.7282
3.7501
3.7153
2.9885
3.8611
3.0757
4.9494
4.8638
3.8010
4.6081
3.7427
4.3102
3.9383
3.3525
3.0172
4.4879
3.0105
4.2966
3.6486
4.7288
3.9175
3.3676
3.7808
3.9461
2.9124
4.2336
3.3328
3.4650
3.2747
4.4726
3.1441
2.9853
3.1748
3.7861
2.8753
3.9146
3.7204
2.6634
3.6022
2.3331
2.0735
2.1400
3.4366
2.8036
2.2853
3.2503
2.0919
2.1077
2.3680
2.5784
1.6888
1.1574
2.8426
2.3909
2.0522
0.7310
1.6329
2.4308
1.2794
2.0309
2.0666
1.6339
0.2713
0.5461
0.7766
0.5599
-0.0721
0.0229
0.8126
1.1825
0.0735
0.6708
-0.8260
-0.5672
-0.5296
-0.4673
-1.1690
-0.2085
-0.0499
-0.4092
-1.1570
-1.8026
-0.6037
-1.5804
-0.5853
-1.6364
-1.8392
-1.8509
-2.0090
-1.2645
-2.4300
-2.4542
-2.0432
-2.4686
-2.1170
-1.3739
-1.9135
-2.0909
-3.1517
-2.7975
-2.5005
-2.5628
-3.5086
-2.6005
-2.2983
-3.1007
-2.0245
-2.3183
-4.0571
-2.7167
-3.2644
-3.6436
-2.8441
-4.0913
-3.3409
-3.4457
-3.6390
-2.9895
-3.0049
-3.2560
-3.7652
-2.8451
-3.0229
-3.0246
-4.4371
-4.1693
-3.3351
-3.1932
-3.0126
-3.1504
-4.5696
-4.0063
-4.1221
-4.4021
-4.8523
-4.5869
-3.5895
-4.8905
-4.8453
-3.5126
-3.4035
-3.8384
-4.8217
-3.8498
-3.4680
-3.6418
-4.7202
-4.4770
-3.9490
-2.9902
-2.9505
-2.8863
-2.9671
-3.0647
-2.9643
-4.4222
-4.2190
-3.2540
-2.5396
-4.1331
-3.2831
-3.9679
-2.9781
-2.2291
-3.1816
-2.6324
-3.6136
-3.5645
-2.3122
-3.2492
-1.8710
-2.5186
-1.8970
-1.5138
-3.2063
-2.2198
-2.0300
-2.8205
-1.6156
-0.9251
-0.7868
-1.5771
-0.8573
-0.8373
-1.7651
-0.9873
-0.4674
-1.2393
-1.5485
-0.3661
-0.7832
-0.2988
0.1401
-1.3506
-0.1802
-0.7590
0.2348
0.3547
-0.2461
-0.0758
1.0346
-0.2676
1.1789
0.8279
-0.1732
1.4995
0.0470
1.1513
1.9449
1.6075
1.3086
2.1479
0.9263
1.2522
2.0154
1.7712
2.7767
1.9580
2.8443
1.4372
1.6992
2.0659
3.0427
1.6375
2.4120
2.4521
2.3657
2.0261
2.0808
3.2904
3.0153
2.0721
3.8763
2.9395
3.5423
2.2376
2.8685
3.9166
3.6120
2.9304
3.5379
2.8319
2.8877
4.1750
3.6946
4.4143
3.3564
3.7840
3.5886
3.3217
4.2506
4.2244
4.2327
4.0457
4.5281
3.2210
2.9884
3.3002
3.5735
3.3148
4.7571
4.6781
3.4005
4.5710
3.4836
4.7416
4.5397
4.0177
4.2578
3.6900
4.4297
3.2179
3.8919
4.6351
4.6606
2.8040
4.2216
3.1463
3.6793
2.8611
3.4859
2.9124
4.0401
2.6428
3.8596
3.4444
2.7224
3.6892
3.5710
3.1100
3.8085
3.1232
2.5790
1.9983
2.4845
2.8590
1.5402
1.8336
1.6978
2.6359
2.3784
3.0019
2.7504
1.1891
2.5832
2.3870
1.0041
1.8482
0.6141
1.8067
1.8749
1.3105
1.9768
1.2197
1.3123
1.2471
0.1313
-0.4394
0.5231
-0.6479
0.3881
0.1138
0.3293
0.8923
0.1105
-1.1153
-0.1008
-0.1201
-0.9721
-0.0111
-1.0110
-0.0325
-0.3637
-1.5266
-2.0195
-0.8654
-2.1319
-1.9114
-1.8207
-2.2225
-0.7122
-2.4575
-1.3220
-1.0479
-1.4467
-2.1195
-1.8081
-3.2197
-2.3571
-2.9816
-3.4571
-3.4562
-2.2472
-2.4018
-3.7347
-3.2018
-2.4738
-2.6864
-4.0697
-4.0882
-3.2345
-3.5102
-2.4456
-3.8214
-3.1538
-4.4814
-2.5981
-3.0951
-4.1011
-4.0293
-2.8262
-4.2260
-3.7994
-3.3670
-4.3974
-4.2756
-4.4231
-3.0481
-4.2477
-3.4439
-4.6086
-4.1954
-3.3065
-3.1797
-4.8428
-3.2051
-4.4706
-3.3278
-3.8316
-4.4063
-3.2123
-4.7973
-3.5796
-3.2600
-4.1570
-4.2151
-3.1636
-4.1251
-4.6279
-4.5323
-3.3718
-4.6287
-3.8876
-4.2626
-3.0466
-3.3005
-3.5207
-2.4218
-3.2752
-2.6674
-2.7444
-2.7399
-3.7040
-2.8772
-2.7337
-3.3488
-2.8799
-1.9953
-3.4684
-3.5043
-3.1981
-1.4811
-3.1110
-1.5988
-1.5790
-2.1203
-2.6883
-1.6391
-1.1642
-2.2623
-1.1475
-1.5470
-1.9344
-2.1185
-0.9304
-2.1467
-0.6269
-1.7088
-1.8757
-1.2612
0.2131
-0.0874
-1.5296
-1.0802
-0.6169
0.0217
-0.2112
0.6518
0.1012
0.3244
1.0765
0.7552
0.6142
-0.3442
0.7645
0.5595
0.9770
1.4307
0.1839
0.9864
0.2507
2.0287
2.3378
1.1197
0.6149
2.0148
1.4848
2.4005
2.6184
1.8205
1.2466
2.8364
1.6350
1.5177
3.4528
2.6102
3.0265
2.6209
2.5358
2.2960
2.0079
2.5691
3.9046
3.3699
2.8672
3.2037
2.3589
4.1715
2.8550
2.6623
3.1717
3.0195
4.5028
3.2178
3.7498
4.6289
4.6452
4.5497
4.2457
4.3847
3.3972
4.4289
4.0636
3.7870
4.6127
4.0927
4.8903
4.0456
3.0376
3.6692
4.5081
3.1346
4.2519
4.3503
4.3729
4.9179
3.2826
4.3974
4.6891
3.6784
4.5413
3.2830
4.0680
4.3593
3.7684
3.0352
4.1604
3.5429
2.6738
3.4570
2.9431
3.0560
2.8380
3.9334
3.7444
2.3269
2.8823
3.4733
3.1988
2.7339
1.9445
2.5020
2.6619
2.9882
1.6427
1.8289
2.7066
1.7372
3.0499
2.2311
2.2705
2.4630
2.4106
1.2573
1.7685
1.1550
1.3035
0.9723
1.7813
1.1006
1.5949
1.9349
1.4142
1.7401
1.2249
0.5694
1.5367
-0.3669
-0.3705
0.3854
0.0845
-0.6412
0.7414
0.6716
0.3454
0.4575
-1.3516
-0.7214
-1.4981
0.0901
-0.0146
-0.6666
-0.8013
-0.8700
-0.5829
-2.1177
-0.7048
-2.1778
-1.9463
-1.6308
-1.6848
-0.8606
-2.1084
-2.5830
-1.3320
-2.9933
-2.0185
-1.6997
-3.1585
-2.0831
-2.9064
-2.5586
-2.1037
-3.4414
-3.0577
-2.8233
-3.9431
-3.2603
-2.2900
-4.0810
-3.7072
-2.7366
-3.0724
-2.7292
-3.7261
-3.6716
-2.7581
-4.2428
-3.5577
-4.3149
-3.3822
-4.6551
-4.4908
-4.7094
-4.3591
-4.8522
-4.6368
-3.2201
-3.3043
-4.4589
-3.8821
-4.7037
-3.4239
-4.3122
-4.3882
-4.6482
-3.2222
-4.3425
-3.8461
-3.3806
-4.2198
-3.2819
-3.7828
-4.8943
-3.5518
-2.9880
-3.9882
-3.6800
-4.5486
-2.8110
-3.2124
-3.1029
-4.5980
-2.7920
-2.8633
-3.9726
-2.6267
-2.4522
-4.1194
-2.8325
-3.7898
-2.8576
-2.3749
-4.0401
-3.9839
-3.5676
-3.4833
-1.9969
-2.6994
-2.1197
-2.1740
-1.7196
-2.2135
-2.7804
-1.4493
-2.6202
-2.6428
-2.3340
-1.2190
-2.1375
-2.1236
-1.4424
-2.2864
-1.8025
-1.3577
-0.3128
-0.9830
-1.2421
-0.0722
-0.4590
-1.4878
-1.3317
-0.8450
-1.4520
-1.0216
-0.5439
-0.8018
-0.3564
-0.4660
0.5029
-0.5496
1.2121
0.5542
0.9297
0.0398
0.6292
1.7509
0.7514
1.5612
1.7055
1.6987
0.4273
1.1591
2.2158
1.3321
2.4114
2.4122
2.7617
1.4792
2.5490
2.4100
1.9988
3.1216
3.3657
2.2434
1.6896
2.3064
2.8236
2.6096
3.0112
2.3890
3.0192
3.0743
3.6910
2.5886
3.6511
2.7497
2.6644
2.6232
4.4303
4.3862
4.2357
2.6671
3.2535
4.0595
3.5103
3.0750
3.7843
3.4883
3.6778
3.3603
4.8348
4.5216
3.2343
4.8641
3.3414
3.4170
3.5770
4.4914
4.2721
